[VERSION]
Num = 1
[1f5b8b]
Flag = 1 0 0 0 1 0 0 0 0 0 0 0 0 0 0 0 
[1f668e]
Flag = 1 0 0 1 0 0 0 0 0 0 0 0 0 0 0 0 
[2063d3]
Flag = 1 0 0 0 1 0 0 0 0 0 0 0 0 0 0 0 
[206ed6]
Flag = 1 0 0 1 0 0 0 0 0 0 0 0 0 0 0 0 
[22e281]
Flag = 1 0 0 0 0 0 0 0 0 0 0 0 0 0 0 0 
[22ed84]
Flag = 1 0 0 0 0 0 0 0 0 0 0 0 0 0 0 0 
[2387ae]
Flag = 1 0 0 0 0 0 0 0 0 0 0 0 0 0 0 0 
[2392b1]
Flag = 1 0 0 0 0 0 0 0 0 0 0 0 0 0 0 0 
[24bc02]
Flag = 1 0 0 0 0 0 0 0 0 0 0 0 0 0 0 0 
[24c705]
Flag = 1 0 0 0 0 0 0 0 0 0 0 0 0 0 0 0 
[284dfb]
Flag = 1 0 0 0 0 0 0 0 0 0 0 0 0 0 0 0 
[2b0ebb]
Flag = 1 0 0 0 0 0 0 0 0 0 0 0 0 0 0 0 
[2b19be]
Flag = 1 0 0 0 0 0 0 0 0 0 0 0 0 0 0 0 
[2fbf02]
Flag = 1 0 0 0 1 0 0 0 0 0 0 0 0 0 0 0 
[3232ad]
Flag = 1 0 0 0 0 0 0 0 0 0 0 0 0 0 0 0 
[368adc]
Flag = 1 0 0 0 0 1 0 0 0 0 0 0 0 0 0 0 
[3b3020]
Flag = 1 0 0 0 0 0 0 0 0 0 0 0 0 0 0 0 
[3beb53]
Flag = 1 0 0 0 1 0 0 0 0 0 0 0 0 0 0 0 
[40d2a9]
Flag = 1 0 0 0 0 1 0 0 0 0 0 0 0 0 0 0 
[4577ed]
Flag = 1 0 1 0 0 0 0 0 0 0 0 0 0 0 0 0 
[45a3f9]
Flag = 1 1 1 0 0 0 0 0 0 0 0 0 0 0 0 0 
[48a6cb]
Flag = 1 0 0 0 0 0 0 0 0 0 0 0 0 0 0 0 
[4f72a5]
Flag = 1 1 0 0 0 0 0 0 0 0 0 0 0 0 0 0 
[52807a]
Flag = 1 0 0 0 0 0 0 0 0 0 0 0 0 0 0 0 
[55db64]
Flag = 1 0 0 1 0 0 0 0 0 0 0 0 0 0 0 0 
[fffff4fd]
Flag = 1 0 0 0 0 0 0 0 0 0 0 0 0 0 0 0 
[58a727]
Flag = 1 0 0 0 0 0 0 0 0 0 0 0 0 0 0 0 5 
[58c830]
Flag = 1 0 0 0 0 0 0 0 0 0 0 0 0 0 0 0 
[55fc6d]
Flag = 1 0 0 1 0 0 0 0 0 0 0 0 0 0 0 0 
[5f7e04]
Flag = 1 0 0 0 0 0 1 0 0 0 0 0 0 0 0 0 
[5f8907]
Flag = 1 0 0 0 0 0 1 0 0 0 0 0 0 0 0 0 
[7c23d2]
Flag = 1 0 0 0 0 0 0 0 0 0 0 0 0 0 0 0 
[82efac]
Flag = 1 0 0 0 0 0 0 0 0 0 0 0 0 0 0 0 
[8305b2]
Flag = 1 0 0 0 0 0 0 0 0 0 0 0 0 0 0 0 
[831bb8]
Flag = 1 0 0 0 0 0 0 0 0 0 0 0 0 0 0 0 
[8331be]
Flag = 1 0 0 0 0 0 0 0 0 0 0 0 0 0 0 0 
[861387]
Flag = 1 0 0 0 1 0 0 0 0 0 0 0 0 0 0 0 5 
[863f93]
Flag = 1 1 0 0 0 0 0 0 0 0 0 0 0 0 0 0 5 
[866b9f]
Flag = 1 0 0 0 0 0 0 0 0 0 0 0 0 0 0 0 
[8681a5]
Flag = 1 0 0 0 0 0 0 0 0 0 0 0 0 0 0 0 
[8697ab]
Flag = 1 0 0 0 0 0 0 0 0 0 0 0 0 0 0 0 
[86adb1]
Flag = 1 0 0 0 0 0 0 0 0 0 0 0 0 0 0 0 
[86c3b7]
Flag = 1 0 0 0 0 0 0 0 0 0 0 0 0 0 0 0 
[8dc6a0]
Flag = 1 0 0 0 1 0 0 0 0 0 0 0 0 0 0 0 
[8df2ac]
Flag = 1 0 0 0 1 0 0 0 0 0 0 0 0 0 0 0 
[93ab3b]
Flag = 1 1 0 0 0 0 0 0 0 0 0 0 0 0 0 0 
[93c141]
Flag = 1 1 0 0 0 0 0 0 0 0 0 0 0 0 0 0 
[94a880]
Flag = 1 0 1 0 0 0 0 0 0 0 0 0 0 0 0 0 5 
[94c989]
Flag = 1 0 0 0 0 0 0 0 0 0 0 0 0 0 0 0 
[94d48c]
Flag = 1 0 0 0 0 0 0 0 0 0 0 0 0 0 0 0 
[94df8f]
Flag = 1 0 0 0 0 0 0 0 0 0 0 0 0 0 0 0 
[94ea92]
Flag = 1 0 0 0 0 0 0 0 0 0 0 0 0 0 0 0 
[94f595]
Flag = 1 0 0 0 0 0 0 0 0 0 0 0 0 0 0 0 
[9afb39]
Flag = 1 0 0 0 0 0 0 0 0 0 0 0 0 0 0 0 
[9b1c42]
Flag = 1 0 0 0 0 0 0 0 0 0 0 0 0 0 0 0 
[9b9563]
Flag = 1 0 0 0 0 0 0 0 0 0 0 0 0 0 0 0 
[9d58de]
Flag = 1 0 0 0 0 0 0 1 1 0 0 0 0 0 0 0 
[9d63e1]
Flag = 1 0 0 0 0 0 0 1 1 0 0 0 0 0 0 0 
[a0a8c5]
Flag = 1 0 0 0 0 0 0 0 0 0 0 0 0 0 0 0 5 
[9f7471]
Flag = 1 0 0 0 0 0 0 0 0 0 0 0 0 0 0 0 
[9f7f74]
Flag = 1 0 0 0 0 0 0 0 0 0 0 0 0 0 0 0 
[a00398]
Flag = 1 0 0 0 0 0 0 0 0 0 0 0 0 0 0 0 
[9f8a77]
Flag = 1 0 0 0 0 0 0 0 0 0 0 0 0 0 0 0 
[9f957a]
Flag = 1 0 0 0 0 0 0 0 0 0 0 0 0 0 0 0 
[9fa07d]
Flag = 1 0 0 0 0 0 0 0 0 0 0 0 0 0 0 0 
[a7f8c3]
Flag = 1 0 0 0 1 0 0 0 0 0 0 0 0 0 0 0 
[acd516]
Flag = 1 0 0 0 0 0 0 0 0 0 0 0 0 0 0 0 
[acf61f]
Flag = 1 0 0 0 0 0 0 0 0 0 0 0 0 0 0 0 
[ae4079]
Flag = 1 1 1 0 0 0 0 0 0 0 0 0 0 0 0 0 5 
[ae8d8e]
Flag = 1 0 0 0 0 0 0 0 0 0 0 0 0 0 0 0 
[aeae97]
Flag = 1 0 0 0 0 0 0 0 0 0 0 0 0 0 0 0 
[aeb99a]
Flag = 1 0 0 0 0 0 0 0 0 0 0 0 0 0 0 0 
[aec49d]
Flag = 1 0 0 0 0 0 0 0 0 0 0 0 0 0 0 0 
[aecfa0]
Flag = 1 0 0 0 0 0 0 0 0 0 0 0 0 0 0 0 
[ae567f]
Flag = 1 1 1 0 0 0 0 0 0 0 0 0 0 0 0 0 
[b90167]
Flag = 1 0 0 0 1 0 0 0 0 0 0 0 0 0 0 0 
[ba2ab8]
Flag = 1 0 0 0 0 0 0 0 0 0 0 0 0 0 0 0 
[be4bd8]
Flag = 1 0 0 0 0 0 0 0 0 0 0 0 0 0 0 0 
[bedaff]
Flag = 1 1 0 0 0 0 0 0 0 0 0 0 0 0 0 0 5 
[befc08]
Flag = 1 0 0 0 0 0 0 0 0 0 0 0 0 0 0 0 
[bf120e]
Flag = 1 0 0 0 0 0 0 0 0 0 0 0 0 0 0 0 
[bf1d11]
Flag = 1 0 0 0 0 0 0 0 0 0 0 0 0 0 0 0 
[bf3317]
Flag = 1 0 0 0 0 0 0 0 0 0 0 0 0 0 0 0 
[bf3e1a]
Flag = 1 0 0 0 0 0 0 0 0 0 0 0 0 0 0 0 
[c62afd]
Flag = 1 0 0 0 0 0 0 0 0 0 0 0 0 0 0 0 
[cd38e9]
Flag = 1 1 1 0 0 0 0 0 0 0 0 0 0 0 0 0 5 
[cd4eef]
Flag = 1 0 0 0 0 0 0 0 0 0 0 0 0 0 0 0 
[cd59f2]
Flag = 1 0 0 0 0 0 0 0 0 0 0 0 0 0 0 0 
[cd64f5]
Flag = 1 0 0 0 0 0 0 0 0 0 0 0 0 0 0 0 
[cd6ff8]
Flag = 1 0 0 0 0 0 0 0 0 0 0 0 0 0 0 0 
[cd7afb]
Flag = 1 0 0 0 0 0 0 0 0 0 0 0 0 0 0 0 
[2d986c]
Flag = 2 0 0 0 0 0 0 0 0 0 0 0 0 0 0 0 
[5d0a59]
Flag = 2 0 0 0 0 0 0 0 0 0 0 0 0 0 0 0 
[6c6588]
Flag = 2 0 0 0 0 0 0 0 0 0 0 0 0 0 0 0 
[6c8691]
Flag = 2 0 0 0 0 0 0 0 0 0 0 0 0 0 0 0 
[fffff4fd]
Flag = 2 0 0 0 0 0 0 0 0 0 0 0 0 0 0 0 
[71e708]
Flag = 2 0 0 0 0 0 0 0 0 0 0 0 0 0 0 0 5 
[721314]
Flag = 2 0 0 0 0 0 0 0 0 0 0 0 0 0 0 0 
[72341d]
Flag = 2 0 0 0 0 0 0 0 0 0 0 0 0 0 0 0 
[724a23]
Flag = 2 0 0 0 0 0 0 0 0 0 0 0 0 0 0 0 
[725526]
Flag = 2 0 0 0 0 0 0 0 0 0 0 0 0 0 0 0 
[726029]
Flag = 2 0 0 0 0 0 0 0 0 0 0 0 0 0 0 0 
[6d99dc]
Flag = 2 0 0 0 1 0 0 0 0 0 0 0 0 0 0 0 
[6da4df]
Flag = 2 0 0 0 1 0 0 0 0 0 0 0 0 0 0 0 
[6d83d6]
Flag = 2 0 0 0 0 0 0 0 0 0 0 0 0 0 0 0 
[6d8ed9]
Flag = 2 0 0 0 0 0 0 0 0 0 0 0 0 0 0 0 
[7a4a51]
Flag = 2 0 0 0 0 0 0 0 0 0 0 0 0 0 0 0 
[7a6057]
Flag = 2 0 0 0 0 0 0 0 0 0 0 0 0 0 0 0 
[847115]
Flag = 2 0 0 0 0 0 0 0 0 0 0 0 0 0 0 0 
[22696]
Flag = 4 0 0 0 0 0 0 0 0 0 0 0 0 0 0 0 
[294b4]
Flag = 4 0 0 0 0 0 0 0 0 0 0 0 0 0 0 0 
[30dd5]
Flag = 4 0 0 0 0 0 0 0 0 0 0 0 0 0 0 0 
[365ed]
Flag = 4 0 0 0 0 0 0 0 0 0 0 0 0 0 0 0 
[3b302]
Flag = 4 0 0 0 0 0 0 0 0 0 0 0 0 0 0 0 
[40b1a]
Flag = 4 0 0 0 0 0 0 0 0 0 0 0 0 0 0 0 
[4b047]
Flag = 4 0 0 0 0 0 0 0 0 0 0 0 0 0 0 0 
[51362]
Flag = 4 0 0 0 0 0 0 0 0 0 0 0 0 0 0 0 
[5b88f]
Flag = 4 0 0 0 0 0 0 0 0 0 0 0 0 0 0 0 
[673c2]
Flag = 4 0 0 0 0 0 0 0 0 0 0 0 0 0 0 0 
[76604]
Flag = 4 0 0 0 0 0 0 0 0 0 0 0 0 0 0 0 
[86e4c]
Flag = 4 0 0 0 0 0 0 0 0 0 0 0 0 0 0 0 
[93f85]
Flag = 4 0 0 1 0 0 0 0 0 0 0 0 0 0 0 0 
[9558b]
Flag = 4 0 0 0 0 0 0 0 0 0 0 0 0 0 0 0 
[93482]
Flag = 4 0 0 0 0 0 0 0 0 0 0 0 0 0 0 0 
[49fc28]
Flag = 8 0 0 1 0 0 0 0 0 0 0 0 0 0 0 0 
[b05109]
Flag = 32 0 0 0 0 0 0 0 0 0 0 0 0 0 0 1 
[b282a2]
Flag = 32 0 0 0 0 0 0 0 0 0 0 0 0 0 0 1 
[ac50f2]
Flag = 32 0 0 0 0 0 0 0 0 0 0 0 0 0 0 1 
[ac7cfe]
Flag = 32 0 0 0 0 0 0 0 0 0 0 0 0 0 0 1 
[c94ed8]
Flag = 32 0 0 1 0 0 0 0 0 0 1 0 0 0 1 0 
[c97ae4]
Flag = 32 0 0 1 0 0 0 0 0 0 1 0 0 0 1 0 
[c8f6c0]
Flag = 32 0 0 1 0 0 0 0 0 0 1 0 0 0 1 0 
[c922cc]
Flag = 32 0 0 1 0 0 0 0 0 0 1 0 0 0 1 0 
[6f3c4e]
Flag = 16 0 0 0 1 0 0 0 0 0 0 0 0 0 0 0 
[700d87]
Flag = 16 0 0 0 0 1 0 0 0 0 0 0 0 0 0 0 
[707ba5]
Flag = 16 0 1 0 0 0 0 0 0 0 0 0 0 0 0 0 
[6f7e60]
Flag = 16 0 0 0 0 0 0 0 0 0 0 0 0 0 0 0 
[6faa6c]
Flag = 16 0 0 0 0 0 0 0 0 0 0 0 0 0 0 0 
[6fc072]
Flag = 16 0 0 0 0 0 0 0 0 0 0 0 0 0 0 0 
[7199f3]
Flag = 16 0 0 0 0 0 0 0 0 0 0 0 0 0 0 0 
[70659f]
Flag = 16 0 0 0 0 1 0 0 0 0 0 0 0 0 0 0 
[7183ed]
Flag = 16 0 0 1 0 0 0 0 0 0 0 0 0 0 0 0 
[712bd5]
Flag = 16 0 0 0 0 0 0 0 0 0 0 0 0 0 0 0 
[70d3bd]
Flag = 16 0 0 0 0 0 0 0 0 0 0 0 0 0 0 0 
[70e9c3]
Flag = 16 0 0 1 0 0 0 0 0 0 0 0 0 0 0 0 
[6fe17b]
Flag = 16 0 0 0 1 0 0 0 0 0 0 0 0 0 0 0 
[704f99]
Flag = 16 0 0 0 1 0 0 0 0 0 0 0 0 0 0 0 
[6f685a]
Flag = 16 0 0 0 0 0 0 0 0 0 0 0 0 0 0 0 
[6f9466]
Flag = 16 0 0 0 0 0 0 0 0 0 0 0 0 0 0 0 
[6f5254]
Flag = 16 0 0 0 0 0 0 0 0 0 0 0 0 0 0 0 
[71aff9]
Flag = 16 0 0 0 0 0 0 0 0 0 0 0 0 0 0 0 
[6ff781]
Flag = 16 0 0 0 0 0 0 0 0 0 0 0 0 0 0 0 
[70bdb7]
Flag = 16 1 0 0 0 0 0 0 0 0 0 0 0 0 0 0 
[6fd678]
Flag = 16 0 0 0 0 0 0 0 0 0 0 0 0 0 0 0 
[703993]
Flag = 16 0 0 0 0 0 0 0 0 0 0 0 0 0 0 0 
[70a7b1]
Flag = 16 1 1 0 0 0 0 0 0 0 0 0 0 0 0 0 
[70b2b4]
Flag = 16 0 0 0 0 0 0 0 0 0 0 0 0 0 0 0 
[87ed08]
Flag = 16 0 0 0 0 1 0 0 0 0 0 0 0 0 0 0 
[87f80b]
Flag = 16 0 0 0 0 1 0 0 0 0 0 0 0 0 0 0 
[88030e]
Flag = 16 0 0 0 0 0 0 0 0 0 0 0 0 0 0 0 
[880e11]
Flag = 16 0 0 0 0 0 0 0 0 0 0 0 0 0 0 0 
[9d21cf]
Flag = 16 0 0 0 0 0 0 0 0 0 0 0 0 0 0 0 
[9d2cd2]
Flag = 16 0 0 0 0 0 0 0 0 0 0 0 0 0 0 0 
[9d37d5]
Flag = 16 0 0 0 0 1 0 0 0 0 0 0 0 0 0 0 
[9d42d8]
Flag = 16 0 0 0 0 1 0 0 0 0 0 0 0 0 0 0 
[9ceac0]
Flag = 16 0 1 0 0 0 0 0 0 0 0 0 0 0 0 0 5 
[9d16cc]
Flag = 16 1 1 0 0 0 0 0 0 0 0 0 0 0 0 0 
[9d0bc9]
Flag = 16 1 0 0 0 0 0 0 0 0 0 0 0 0 0 0 
[9f1156]
Flag = 16 0 0 0 0 0 0 0 0 0 0 0 0 0 0 0 
[9f325f]
Flag = 16 0 0 0 0 0 0 0 0 0 0 0 0 0 0 0 
[a7749f]
Flag = 16 0 0 0 0 0 0 0 0 0 0 0 0 0 0 0 
[a82fd2]
Flag = 16 0 0 0 0 0 1 0 0 0 0 0 0 0 0 0 
[a9a638]
Flag = 16 1 0 0 0 0 0 0 0 0 0 0 0 0 0 0 
[ac24e6]
Flag = 16 0 0 0 1 0 0 0 0 0 0 0 0 0 0 0 
[be8dea]
Flag = 16 0 0 0 1 0 0 0 0 0 0 0 0 0 0 0 
[be6ce1]
Flag = 16 0 0 0 0 0 0 0 0 0 0 0 0 0 0 0 
[be35d2]
Flag = 16 0 0 0 0 0 0 0 0 0 0 0 0 0 0 0 
[c17ab6]
Flag = 16 0 0 0 0 0 0 0 0 0 0 0 0 0 0 0 
[c35437]
Flag = 16 0 0 0 1 0 0 0 0 0 0 0 0 0 0 0 5 
[c35f3a]
Flag = 16 0 0 0 0 0 0 0 0 0 0 0 0 0 0 0 5 
[c36a3d]
Flag = 16 0 0 0 0 0 0 0 0 0 0 0 0 0 0 0 
[c37540]
Flag = 16 0 0 0 0 0 0 0 0 0 0 0 0 0 0 0 
[c4888b]
Flag = 16 0 0 0 0 0 0 0 0 0 0 0 0 0 0 0 
[c38043]
Flag = 16 0 0 0 0 0 0 0 0 0 0 0 0 0 0 0 
[c38b46]
Flag = 16 0 0 0 0 1 0 0 0 0 0 0 0 0 0 0 
[ca832c]
Flag = 16 0 0 0 0 0 0 0 0 0 0 0 0 0 0 0 
[caaf38]
Flag = 16 0 0 0 0 0 0 0 0 0 0 0 0 0 0 0 
[cbac7d]
Flag = 16 0 0 0 1 0 0 0 0 0 0 0 0 0 0 0 5 
[cbb780]
Flag = 16 1 0 0 0 0 0 0 0 0 0 0 0 0 0 0 5 
[cbc283]
Flag = 16 0 0 0 0 0 0 0 0 0 0 0 0 0 0 0 
[cbcd86]
Flag = 16 0 0 0 0 0 0 0 0 0 0 0 0 0 0 0 
[cbd889]
Flag = 16 0 0 0 0 0 0 0 0 0 0 0 0 0 0 0 
[cbe38c]
Flag = 16 0 0 0 0 0 0 0 0 0 0 0 0 0 0 0 
[cbee8f]
Flag = 16 0 0 0 0 0 0 0 0 0 0 0 0 0 0 0 
[cbf992]
Flag = 16 0 0 0 1 0 0 0 0 0 0 0 0 0 0 0 
[cedb5b]
Flag = 16 0 0 0 0 0 0 1 1 0 0 0 0 0 0 0 
[cfd8a0]
Flag = 16 0 0 0 0 0 0 0 0 0 0 0 0 0 0 0 
